@nxr	Rel_Inc	NIIY	tby	tradey	totqn	resid_ave	resid_diff	resid_diff2	resid_ECM1	resid_ECM2	resid_ECM3	resid_ECM3srlr	resid_ECM3sr	resid_home	resid_foreign@
-0.1142734	-0.0682666	0.0067309	-0.0105082	0.1123263	-0.1173246	0.0637352	-0.0088262	0.0626866	-0.0042476	0.0016487	-0.0002655	-0.0002655	-0.0013753	0.3040926	0.3038271
-0.1168301	-0.0437367	0.0076077	-0.0106818	0.1126563	-0.1306292	0.0404169	-0.0249454	0.0374292	-0.0206431	-0.0101802	-0.0142739	-0.0142739	-0.016752	0.3123418	0.2980679
-0.0660521	-0.0333161	0.0027747	-0.0078464	0.1127318	-0.0720863	0.0641931	0.0326202	0.0697375	0.0373589	0.0379942	0.034196	0.034196	0.0331519	0.299581	0.333777
-0.0267982	-0.0130751	0.0019988	-0.005858	0.1170533	-0.0437753	0.0751875	0.0154324	0.0848579	0.018318	0.0243556	0.0177621	0.0177621	0.0151518	0.3353891	0.3531512
0	0	0.0021916	-0.0043372	0.1182698	0	0.0765121	0.0080163	0.0925622	0.010526	0.0126891	0.0115843	0.0115843	0.0093213	0.3257491	0.3373334
0.0939197	0.050225	0.0019085	0.0012045	0.1172766	0.0169887	0.1153951	0.0416708	0.1339211	0.0416342	0.0597465	0.0614399	0.0614399	0.0617447	0.2557037	0.3171436
0.1664937	0.0810618	-0.0082878	0.0052641	0.1131462	0.0444961	0.1493413	0.0382671	0.1718763	0.0401544	0.0499868	0.0485807	0.0485807	0.0470027	0.2459314	0.2945121
0.1080505	0.0377305	-0.0023073	0.0019689	0.1135793	0.0145057	0.1427236	-0.0106765	0.1608878	-0.0089561	-0.0247926	-0.0307757	-0.0307757	-0.0400858	0.3488413	0.3180656
0.0849413	-0.0128691	0.0092077	0.0006631	0.1146822	-0.0052133	0.1757991	0.0305135	0.1910894	0.0334537	0.0142943	0.0266735	0.0266735	0.0201862	0.3605533	0.3872268
0.0888289	0.0162234	0.0023227	0.0008957	0.1159358	-0.0549	0.1646669	-0.0180616	0.172716	-0.0125296	0.0014567	0.013614	0.013614	0.0116112	0.3279125	0.3415265
0.0787023	-0.016669	0.0094704	0.0003002	0.1127444	-0.1293548	0.2085206	0.0333146	0.2057187	0.0400876	0.0315425	0.0248049	0.0248049	0.015979	0.2796333	0.3044382
0.0553071	0.0141146	0.0048746	-0.0010478	0.1159735	-0.1019418	0.1465776	-0.0576359	0.1477709	-0.042459	-0.0318266	-0.0266406	-0.0266406	-0.0378749	0.3431498	0.3165092
0.0399641	0.0497069	-0.0046487	-0.0018996	0.1137148	-0.1394745	0.1062727	-0.0454629	0.101996	-0.0369017	-0.020646	-0.0275359	-0.0275359	-0.0360858	0.277421	0.2498851
0.0621798	0.037684	-0.0009063	-0.0006298	0.1124842	-0.191417	0.155223	0.0416922	0.1433762	0.049169	0.0478064	0.0420146	0.0420146	0.0275374	0.2787016	0.3207163
-0.0284423	0.0327609	0.0010175	-0.0057501	0.113045	-0.2474843	0.085404	-0.0776783	0.065386	-0.0645126	-0.0625425	-0.0526728	-0.0526728	-0.0709432	0.3527769	0.300104
-0.0352298	0.0565436	-0.0088555	-0.0058677	0.1081605	-0.2445867	0.0540131	-0.0306567	0.0344174	-0.0182634	-0.008402	-0.0048398	-0.0048398	-0.0202343	0.2707226	0.2658828
-0.0418336	0.0444286	-0.008133	-0.0062631	0.1088448	-0.2487172	0.0606942	0.006391	0.0404965	0.0164456	0.0126347	0.0078409	0.0078409	-0.0119991	0.312521	0.3203619
-0.1129255	0.0096483	-0.0012485	-0.0102998	0.11089	-0.2769227	0.0323712	-0.0321216	0.008063	-0.0218679	-0.0330695	-0.023063	-0.023063	-0.0431048	0.3747402	0.3516771
-0.1730731	-0.0093884	-0.0004227	-0.0139941	0.1141396	-0.3064549	-0.0003753	-0.0367385	-0.0289875	-0.0269954	-0.0318352	-0.018702	-0.018702	-0.0337082	0.3847694	0.3660674
-0.2008768	-0.0460136	0.0043419	-0.0157966	0.1159182	-0.3256059	0.0138704	0.0117666	-0.0175329	0.020988	0.0087526	0.0130555	0.0130555	-0.0008411	0.3491235	0.362179
-0.2574492	-0.0735962	0.0135703	-0.0196482	0.1198639	-0.3291975	-0.0141022	-0.0281841	-0.0460289	-0.0168016	-0.0263297	-0.0191585	-0.0191585	-0.0318724	0.38414	0.3649815
-0.2739823	-0.0800586	0.0125378	-0.0209606	0.1218963	-0.3428852	-0.0202961	-0.0078768	-0.0542177	0.001653	0.0009997	0.0069436	0.0069436	0.0022686	0.3548909	0.3618344
-0.2776251	-0.0761688	0.0129608	-0.0214787	0.123639	-0.3959487	-0.0127995	0.0000752	-0.0544545	0.0091421	0.0149892	0.0093757	0.0093757	0.0036282	0.3262122	0.3355879
-0.2864307	-0.0700691	0.008099	-0.0223904	0.1257974	-0.4177781	-0.0215221	-0.011592	-0.0663584	0.0011384	0.0062328	0.0008766	0.0008766	-0.0081582	0.3324742	0.3333508
-0.2614913	-0.0499303	0.0024767	-0.0204162	0.1230731	-0.4653526	-0.0032469	0.0116536	-0.0550167	0.0244035	0.0366554	0.0285091	0.0285091	0.0154804	0.2762491	0.3047583
-0.3119294	-0.0549212	0.0035952	-0.0238527	0.1253395	-0.4429457	-0.0550404	-0.048216	-0.1035447	-0.0306483	-0.0322179	-0.0386532	-0.0386532	-0.0595363	0.3496455	0.3109922
-0.3165835	-0.0599887	0.0029784	-0.0234873	0.1219825	-0.4079531	-0.064538	-0.0040857	-0.1079425	0.0092059	0.0066871	0.0077906	0.0077906	-0.0074769	0.3024814	0.310272
-0.3256285	-0.0650644	0.0054327	-0.0246868	0.1253789	-0.3427432	-0.0869767	-0.0126233	-0.1208776	-0.0011127	-0.0056478	-0.0068091	-0.0068091	-0.0198277	0.3506369	0.3438278
-0.2936556	-0.0658758	0.004779	-0.0228157	0.1257177	-0.2933676	-0.0681771	0.0263075	-0.094882	0.0328596	0.0306061	0.0315946	0.0315946	0.0255626	0.3146261	0.3462207
-0.324649	-0.0634511	0.0023146	-0.0253074	0.1288389	-0.280342	-0.1052844	-0.034897	-0.130091	-0.03019	-0.0292074	-0.0314503	-0.0314503	-0.0363712	0.3491689	0.3177186
-0.3292663	-0.059124	-0.0013167	-0.0259921	0.1308467	-0.2432815	-0.1247255	-0.013728	-0.1441309	-0.0116602	-0.0114852	-0.0153404	-0.0153404	-0.0186514	0.3400131	0.3246727
-0.3004716	-0.0542395	-0.0011084	-0.0245231	0.132717	-0.2407969	-0.101519	0.0238805	-0.1205623	0.0222192	0.0245027	0.0229314	0.0229314	0.020605	0.3249013	0.3478327
-0.2938282	-0.0440962	0.0050157	-0.0238525	0.1313702	-0.1824316	-0.1215497	-0.0112126	-0.132087	-0.0104388	-0.0094714	-0.0061011	-0.0061011	-0.0097345	0.3196557	0.3135546
-0.2781446	-0.0388968	0.002783	-0.0233156	0.1340184	-0.143526	-0.1220848	0.0054469	-0.126952	0.0016889	0.0015883	0.0073187	0.0073187	0.0126271	0.3523821	0.3597008
-0.254861	-0.0292711	-0.0002329	-0.0222357	0.1366996	-0.1454397	-0.1078849	0.014233	-0.1130309	0.007786	0.0116939	0.0085163	0.0085163	0.0145765	0.3368793	0.3453957
-0.2409946	-0.0310173	0.0101897	-0.0215732	0.1383749	-0.1008812	-0.1048926	0.0097981	-0.1035448	0.0052351	0.0018988	0.0006543	0.0006543	0.0035618	0.3432639	0.3439181
-0.182253	0.0016725	0.0022304	-0.0178552	0.140455	-0.0648813	-0.0890371	0.0214141	-0.0824426	0.0147115	0.025156	0.0328189	0.0328189	0.0452373	0.3312546	0.3640735
-0.1430835	-0.0049481	0.0030534	-0.0150305	0.1394164	-0.0572865	-0.045398	0.0450578	-0.0376968	0.0371165	0.0337214	0.0228699	0.0228699	0.0308217	0.3028944	0.3257644
-0.1468134	0.0031917	0.0025182	-0.0155326	0.1416522	-0.1167283	-0.040432	-0.003385	-0.0413937	-0.0100564	-0.003614	-0.001226	-0.001226	0.0047324	0.3440065	0.3427805
-0.146937	-0.000457	0.0034259	-0.0158056	0.1440624	-0.0699824	-0.0501468	-0.0025901	-0.0442958	-0.0040739	-0.0083731	-0.0099448	-0.0099448	-0.008125	0.3516264	0.3416816
-0.1221326	-0.007792	0.0066914	-0.0141187	0.1448887	-0.0728936	-0.0171828	0.0328516	-0.0117561	0.0275283	0.0245488	0.0256243	0.0256243	0.0314313	0.3307354	0.3563597
-0.0840409	0.0068586	0.0050878	-0.0115445	0.1469752	-0.0945093	0.0123805	0.026725	0.014657	0.0233713	0.0301759	0.0325808	0.0325808	0.0381951	0.3321586	0.3647394
-0.0723767	0.005574	0.0013927	-0.010655	0.1464636	-0.1077998	0.0290936	0.015088	0.0294331	0.014892	0.0150871	0.0110517	0.0110517	0.0122897	0.3153186	0.3263702
-0.0754787	0.0152707	0.0020225	-0.0110393	0.148595	-0.0875495	0.0105594	-0.0152709	0.0138502	-0.013099	-0.0105533	-0.0144899	-0.0144899	-0.0176993	0.3384219	0.323932
-0.064082	0.0128434	0.001833	-0.0104615	0.1524511	-0.0681636	0.0188927	0.0114705	0.0250088	0.0114153	0.0091484	0.0099913	0.0099913	0.0096549	0.3560619	0.3660532
-0.0500737	0.0256643	0.004576	-0.009408	0.1526099	-0.0893126	0.0260701	0.004407	0.029104	0.003207	0.0092744	0.011096	0.011096	0.0111765	0.321702	0.332798
-0.0383516	0.0457528	0.0029942	-0.0085263	0.1527837	-0.0370221	0.0028935	-0.015244	0.0135481	-0.013586	-0.0090063	-0.0073393	-0.0073393	-0.007092	0.3272069	0.3198676
-0.0024555	0.0812817	-0.0014146	-0.0057817	0.1525592	0.0328597	-0.016532	-0.0089289	0.0043071	-0.0110313	-0.0017533	-0.0055197	-0.0055197	-0.0017475	0.3087331	0.3032134
0.0151975	0.1061473	-0.0022559	-0.0044442	0.152816	-0.0062712	-0.0126615	-0.0015206	0.0024747	-0.0103256	0.0010089	-0.0009024	-0.0009024	0.0052146	0.308126	0.3072236
0.0332599	0.1061354	-0.0026527	-0.0031228	0.1557021	-0.0633627	0.0215828	0.0262358	0.0283986	0.0192692	0.0221497	0.0254978	0.0254978	0.0285139	0.3367896	0.3622875
0.0289506	0.1018665	0.0001114	-0.0035311	0.1589907	-0.0677814	0.0227939	0.0008791	0.0289657	-0.0000708	-0.0017296	0.0019095	0.0019095	-0.0009925	0.3477394	0.349649
0.0293706	0.0939469	0.0038596	-0.0035602	0.1618266	-0.0333201	0.0213731	0.0039134	0.0325672	0.0039746	-0.0014441	0.0036961	0.0036961	0.0023507	0.3482969	0.351993
0.0400726	0.0920248	0.000285	-0.0026965	0.1619432	-0.0274967	0.0323478	0.0121354	0.0443906	0.0098908	0.00838	0.0117371	0.0117371	0.0150475	0.3339415	0.3456786
0.0241091	0.0618505	0.002743	-0.0039789	0.1615539	-0.0245318	0.0457188	0.014115	0.0581938	0.012256	-0.0001638	-0.0040305	-0.0040305	-0.0035877	0.3325633	0.3285328
0.0294824	0.0533962	0.0024911	-0.0035756	0.1629406	0.0175693	0.0476221	0.0083511	0.0662328	0.0079478	0.0016601	0.0035441	0.0035441	0.004925	0.3428967	0.3464409
0.0108855	0.0296004	0.0028278	-0.0051135	0.1637055	-0.0278035	0.065672	0.0117492	0.0776701	0.0078031	0.0005942	0.0005766	0.0005766	0.0040841	0.3426905	0.3432671
-0.0082691	0.0244851	0.0048811	-0.0067487	0.1654063	-0.0505612	0.0580784	-0.0105984	0.0667598	-0.0107205	-0.0117407	-0.0106234	-0.0106234	-0.010743	0.3431418	0.3325184
-0.0168124	0.021436	0.00327	-0.0075316	0.1671289	-0.0252603	0.0454182	-0.0086609	0.0577869	-0.0072862	-0.0102991	-0.00996	-0.00996	-0.0094644	0.3449208	0.3349607
-0.0325396	0.0255063	0.0002204	-0.0088492	0.1672521	-0.0372452	0.0290152	-0.0178377	0.0396372	-0.0192202	-0.0173262	-0.0200669	-0.0200669	-0.0183462	0.3337488	0.3136819
-0.0401025	-0.0024679	0.0017921	-0.009696	0.1710673	-0.0470624	0.052207	0.0220729	0.0613983	0.020236	0.0094975	0.0066417	0.0066417	0.0067063	0.3567981	0.3634398
-0.0535044	-0.0196512	0.0056113	-0.0109149	0.1722787	-0.0725269	0.0632007	0.0075945	0.0686809	0.0074775	0.0019808	0.0055114	0.0055114	0.0044946	0.3493624	0.3548737
-0.0567506	-0.0197237	0.0099885	-0.0114356	0.1760077	-0.0568	0.0555727	-0.0050241	0.0633449	-0.0024138	-0.0035669	0.0001515	0.0001515	-0.0004717	0.3657418	0.3658934
-0.0478377	0.0013855	0.0061974	-0.010936	0.1806602	-0.0190967	0.0326977	-0.0170682	0.0459647	-0.0153253	-0.0096005	-0.009506	-0.009506	-0.0056974	0.3609186	0.3514126
-0.0527395	-0.0076473	0.0086148	-0.0115394	0.1832377	-0.0123094	0.0349063	0.0035097	0.0491625	0.0013333	-0.0030817	-0.0107347	-0.0107347	-0.0057783	0.3494937	0.3387589
-0.0553105	-0.0032413	0.0071776	-0.011976	0.1863808	-0.0349845	0.0343516	-0.0035474	0.0453031	-0.0064523	-0.0038539	-0.004323	-0.004323	0.0025307	0.3550085	0.3506855
-0.0508751	0.0020106	0.0040802	-0.0116576	0.1878855	0.0214149	0.017561	-0.008259	0.0367322	-0.0086369	-0.0103808	-0.0171925	-0.0171925	-0.0125947	0.3422922	0.3250996
-0.0119668	0.0002439	0.0009208	-0.0081205	0.1904147	0.0039544	0.0631814	0.0433877	0.0798078	0.0377869	0.0374684	0.031857	0.031857	0.0387395	0.332422	0.3642789
-0.0105211	-0.0074184	0.0014687	-0.008034	0.1916305	-0.0197758	0.0790105	0.0126826	0.0921785	0.0108254	0.0087053	0.0059517	0.0059517	0.0065288	0.3411753	0.3471269
-0.0304429	-0.0071847	0.0001933	-0.0100979	0.194701	-0.0310191	0.0620394	-0.0182977	0.0735689	-0.017722	-0.0173735	-0.0157452	-0.0157452	-0.0172488	0.3656147	0.3498695
-0.0364646	-0.0327942	0.0028112	-0.0107034	0.1950827	-0.0362422	0.0831066	0.0206179	0.0938748	0.0207363	0.010643	0.0103946	0.0103946	0.0085329	0.352496	0.3628906
-0.0603327	-0.0466392	0.0061637	-0.0131743	0.1973505	-0.0379761	0.0735746	-0.0094728	0.0840901	-0.007647	-0.0133006	-0.0095916	-0.0095916	-0.0114065	0.3664484	0.3568568
-0.0193409	-0.039006	0.0035571	-0.0094049	0.203016	-0.0330126	0.1055274	0.0329881	0.1167663	0.034394	0.0367453	0.0386119	0.0386119	0.0396493	0.3562979	0.3949097
-0.0422847	-0.03705	0.0047501	-0.0120045	0.2078107	-0.0636791	0.0893132	-0.0203715	0.0960829	-0.017759	-0.0154709	-0.0184642	-0.0184642	-0.0211206	0.3710628	0.3525986
-0.036213	-0.0465801	0.0102784	-0.0116167	0.2122149	-0.0907629	0.112586	0.0196375	0.1154085	0.0227477	0.0204612	0.0221811	0.0221811	0.0196856	0.3657643	0.3879454
-0.0495183	-0.0540783	0.0072726	-0.0132506	0.2159113	-0.1108857	0.1124783	-0.0027284	0.1123681	0.0033673	0.0016111	0.0039205	0.0039205	0.0020536	0.3725107	0.3764312
-0.0721958	-0.061002	0.0083851	-0.0157355	0.2165681	-0.1499753	0.1077959	-0.0100675	0.1019888	-0.0033436	-0.0036257	-0.0094952	-0.0094952	-0.0145765	0.3508948	0.3413996
-0.1044538	-0.086488	0.0112973	-0.0194413	0.219225	-0.2072744	0.1172527	0.0014181	0.1030949	0.0094102	0.0031544	0.0023874	0.0023874	-0.0038661	0.3673879	0.3697752
-0.1380934	-0.0987241	0.0043391	-0.0230425	0.2187376	-0.215847	0.0982772	-0.0199129	0.0828701	-0.0075992	-0.011321	-0.0139375	-0.0139375	-0.0221511	0.3563662	0.3424287
-0.1561233	-0.1194851	0.0058201	-0.0248001	0.2170702	-0.2449314	0.1092459	0.0070419	0.0896	0.0181476	0.0123561	0.0028958	0.0028958	-0.0092796	0.3382723	0.3411681
-0.1515488	-0.1432326	0.0060404	-0.0247394	0.2209047	-0.2014935	0.125265	0.0226616	0.1119497	0.0372463	0.0260506	0.0250143	0.0250143	0.0114224	0.367619	0.3926333
-0.1907472	-0.1516521	0.0082177	-0.0286986	0.2185732	-0.2067363	0.095971	-0.0297461	0.0818916	-0.0171261	-0.0195771	-0.0205609	-0.0205609	-0.0325944	0.3511701	0.3306092
-0.2088853	-0.1497753	0.0037868	-0.0310219	0.221266	-0.2060207	0.0757534	-0.0198014	0.0617783	-0.0087449	-0.0075242	-0.0083806	-0.0083806	-0.0172131	0.3683921	0.3600115
-0.2165219	-0.1493938	0.0042516	-0.0325186	0.2259129	-0.1921027	0.0637933	-0.0096199	0.0518466	0.0003127	0.0001276	-0.0061616	-0.0061616	-0.0166021	0.3728991	0.3667376
-0.2159271	-0.1530058	0.0087233	-0.0326941	0.2275926	-0.1736654	0.0627781	0.0019839	0.0535185	0.010531	0.0084285	0.0088353	0.0088353	0.0003377	0.3699785	0.3788137
-0.2401129	-0.1353819	0.0019095	-0.0363214	0.2336174	-0.1739146	0.021039	-0.0414635	0.011743	-0.0342287	-0.0269783	-0.0251566	-0.0251566	-0.029455	0.3901397	0.3649831
-0.2418177	-0.147938	0.0086321	-0.0369187	0.2361956	-0.2047452	0.0406225	0.0154022	0.0268333	0.0193372	0.0165868	0.0099267	0.0099267	0.0038086	0.3696338	0.3795605
-0.2515262	-0.1289685	0.0054491	-0.0391428	0.2430662	-0.2144054	0.0146805	-0.0270379	-0.0005165	-0.0199156	-0.0114319	-0.0055079	-0.0055079	-0.0101417	0.3914061	0.3858982
-0.2597709	-0.1338665	0.0050397	-0.0397339	0.2407381	-0.2372648	0.0178083	0.0001082	-0.0007203	0.0057513	0.0057146	0.0004587	0.0004587	-0.0051337	0.3472842	0.3477429
-0.2586437	-0.1239212	-0.0029976	-0.0390721	0.2375174	-0.2484402	0.0121554	-0.0069696	-0.0080019	0.0002124	0.0053977	0.0031013	0.0031013	-0.0043058	0.3350656	0.3381669
-0.26227	-0.1357687	-0.0010071	-0.0380636	0.2289324	-0.2848212	0.0306808	0.0135352	0.0052214	0.0204277	0.0186571	0.0132872	0.0132872	0.0001139	0.3109781	0.3242653
-0.2918046	-0.1426861	-0.0029124	-0.0401496	0.2223265	-0.2910678	0.0098328	-0.0214464	-0.0165369	-0.011	-0.0124659	-0.0067464	-0.0067464	-0.0219269	0.3308118	0.3240654
-0.3096555	-0.1480734	-0.0076661	-0.0410696	0.2170596	-0.3082662	0.0022403	-0.0097869	-0.0266359	-0.0006098	-0.0008003	0.0007538	0.0007538	-0.0146621	0.3290599	0.3298137
-0.3176976	-0.1490724	-0.0002964	-0.0425822	0.2205384	-0.3214871	-0.0010582	-0.0049135	-0.0318612	0.0046778	0.0060445	0.0092683	0.0092683	-0.0098775	0.3707866	0.3800549
-0.3215957	-0.1389248	0.0020554	-0.0440316	0.2258512	-0.2895036	-0.0241626	-0.0181312	-0.0503044	-0.0072791	-0.0042209	0.0087415	0.0087415	-0.0058892	0.3905084	0.39925
-0.329175	-0.1369674	0.0025008	-0.0451613	0.2273968	-0.2733753	-0.0382673	-0.0114423	-0.0620586	-0.0039679	-0.0033373	0.0008462	0.0008462	-0.0087403	0.3659008	0.366747
-0.3637272	-0.1347444	0.0027075	-0.049244	0.2288951	-0.2758441	-0.0743433	-0.0361238	-0.0984943	-0.0307094	-0.0289422	-0.0273074	-0.0273074	-0.0346894	0.3704237	0.3431163
-0.3557065	-0.1371777	0.0027856	-0.0476013	0.2252676	-0.2366096	-0.0750017	0.0053715	-0.0934348	0.0092975	0.006698	0.0066133	0.0066133	0.0017072	0.3396595	0.3462728
-0.3725429	-0.1499264	-0.0000152	-0.049399	0.225219	-0.2160453	-0.0849138	-0.0066031	-0.1003499	-0.0049827	-0.0106885	-0.0115448	-0.0115448	-0.0140876	0.3614929	0.3499482
-0.3590175	-0.1702454	0.0005683	-0.048017	0.2255474	-0.2159869	-0.051086	0.0341483	-0.0665135	0.0337328	0.0261924	0.0241268	0.0241268	0.0215314	0.3573023	0.3814291
-0.3511643	-0.1711085	0.0034445	-0.0484451	0.2316407	-0.1838202	-0.0514802	0.0046056	-0.0622199	0.0070062	0.0051691	0.0076011	0.0076011	0.0030868	0.3864751	0.3940763
-0.3516353	-0.1637771	0.0041451	-0.0496895	0.2373349	-0.1581401	-0.066556	-0.0110213	-0.073553	-0.0103391	-0.0087366	-0.0052623	-0.0052623	-0.0059214	0.3883817	0.3831194
-0.3790926	-0.1712501	0.0059754	-0.0539827	0.2426704	-0.1821074	-0.0797521	-0.0163772	-0.090242	-0.0188573	-0.020188	-0.0193278	-0.0193278	-0.0169895	0.3950884	0.3757607
-0.3833912	-0.1764061	0.0051407	-0.0544436	0.2425162	-0.1650116	-0.0837367	-0.0011812	-0.0917352	-0.002603	-0.0054035	-0.0056102	-0.0056102	-0.0024947	0.3689127	0.3633025
-0.3827552	-0.1852877	0.0054622	-0.0551885	0.2461654	-0.1187264	-0.0873285	0.0034657	-0.0885814	0.0014823	-0.0046333	-0.0085715	-0.0085715	-0.0047679	0.3810945	0.3725231
-0.3792124	-0.1968362	0.0078941	-0.0549114	0.246782	-0.1195631	-0.0720002	0.0155183	-0.0733751	0.0101678	0.0056252	0.0042893	0.0042893	0.0112313	0.3706951	0.3749843
-0.3723055	-0.1875384	0.0023284	-0.0545838	0.2489858	-0.1277589	-0.0720698	-0.0009521	-0.0746391	-0.0053874	-0.0013044	-0.0019889	-0.0019889	0.0055195	0.373856	0.3718671
-0.3737909	-0.1865442	0.0012735	-0.054416	0.2474223	-0.1221624	-0.0761345	-0.0029371	-0.0778882	-0.0067225	-0.0066847	-0.014135	-0.014135	-0.01091	0.3599235	0.3457885
-0.3757123	-0.182225	0.0065955	-0.0559296	0.2532519	-0.1200269	-0.0829799	-0.0062223	-0.0844224	-0.0106127	-0.0090951	-0.0084238	-0.0084238	-0.0053198	0.394969	0.3865452
-0.3604159	-0.185118	0.0054035	-0.0549219	0.2571751	-0.1107664	-0.0674134	0.0172281	-0.0675062	0.0124134	0.010659	0.0147063	0.0147063	0.0220516	0.3901837	0.40489
-0.354023	-0.1743524	0.0057849	-0.0547719	0.2601925	-0.101658	-0.0743659	-0.0053132	-0.0731313	-0.0095582	-0.0059883	-0.0092015	-0.0092015	-0.0032075	0.3775734	0.3683719
-0.363658	-0.1685455	0.0056086	-0.0561337	0.2609598	-0.1042909	-0.0890621	-0.014768	-0.0882112	-0.0201324	-0.017845	-0.0192155	-0.0192155	-0.011957	0.3755137	0.3562982
-0.3227619	-0.1555407	0.0028131	-0.0515936	0.2638798	-0.1000173	-0.0623812	0.0276157	-0.0609074	0.021539	0.0262271	0.0238044	0.0238044	0.031799	0.368607	0.3924114
-0.3224467	-0.1379707	0.001331	-0.0523563	0.2679882	-0.1032381	-0.0787237	-0.0165	-0.0777194	-0.0211661	-0.014235	-0.0176793	-0.0176793	-0.013186	0.3802394	0.3625601
-0.309491	-0.1348398	0.0033291	-0.050793	0.2685619	-0.0772632	-0.0762558	0.0065654	-0.0714659	0.0015175	0.0010294	-0.0002082	-0.0002082	0.0042052	0.3738881	0.3736799
-0.2787784	-0.1256063	0.0033605	-0.0470664	0.2700612	-0.0454236	-0.0637947	0.0174134	-0.0543645	0.0113655	0.0127837	0.0144909	0.0144909	0.0216037	0.3750876	0.3895785
-0.2360704	-0.1076753	0.0015342	-0.0415294	0.2705482	0.014002	-0.0558488	0.0169184	-0.037758	0.0106417	0.0136465	0.0118551	0.0118551	0.0199717	0.3651796	0.3770347
-0.2332844	-0.0743701	-0.0013567	-0.0418887	0.2753292	0.0525429	-0.097284	-0.0355063	-0.0735763	-0.04455	-0.0345524	-0.0369892	-0.0369892	-0.0272402	0.3876959	0.3507067
-0.1947288	-0.0682895	-0.0017643	-0.0367832	0.2760343	0.0935335	-0.0764187	0.0271512	-0.0467371	0.0135383	0.0124983	0.0098724	0.0098724	0.0227089	0.374029	0.3839014
-0.1877098	-0.0515578	-0.00139	-0.0353823	0.2725757	0.0802923	-0.0823811	-0.0075802	-0.0546293	-0.022821	-0.0165951	-0.0138865	-0.0138865	-0.0003959	0.3655176	0.3516312
-0.2025081	-0.0417278	-0.0046237	-0.0363793	0.2653978	-0.0506382	-0.0699259	-0.0063145	-0.0612557	-0.0234655	-0.0127561	-0.0071984	-0.0071984	0.0061938	0.3287867	0.3215883
-0.1843717	-0.0518863	-0.0100522	-0.0314017	0.2450084	-0.1238125	-0.0209058	0.0386677	-0.0229	0.0298029	0.0298571	0.0308177	0.0308177	0.0335812	0.2583832	0.2892009
-0.1400792	-0.0065153	-0.0132423	-0.0255162	0.2399837	-0.0713073	-0.0368554	-0.0079856	-0.0311975	-0.0077307	0.0068678	0.008094	0.008094	-0.0004523	0.322647	0.330741
-0.1423957	0.0203211	-0.01431	-0.0266413	0.2478949	-0.0207805	-0.080319	-0.035788	-0.0672974	-0.039188	-0.0320043	-0.0259746	-0.0259746	-0.0325822	0.4031687	0.3771941
-0.1304591	0.0143006	-0.0034108	-0.0261658	0.257621	0.0178954	-0.0733161	0.0129514	-0.0546579	0.0039994	-0.0012561	0.009451	0.009451	0.0080115	0.4143512	0.4238022
-0.1411351	0.0181797	0.000671	-0.0279839	0.2619062	0.0195268	-0.0883333	-0.0144675	-0.0694373	-0.0255312	-0.0248558	-0.0055676	-0.0055676	0.0022156	0.4090505	0.4034829
-0.1646088	0.0101607	0.0033094	-0.0318528	0.2689487	-0.0045615	-0.0969655	-0.0118308	-0.0815801	-0.0244366	-0.0268843	-0.0196594	-0.0196594	-0.007953	0.4152353	0.3955759
-0.1713942	-2.38E-07	0.0078273	-0.0335793	0.2757409	0.0014533	-0.0952935	0.0028605	-0.0790315	-0.0085821	-0.0135774	-0.010508	-0.010508	0.0022092	0.4027405	0.3922325
-0.147583	0.0130823	0.0038891	-0.0306647	0.2786866	0.0362753	-0.0944275	0.0062529	-0.0730906	-0.0048438	-0.0025106	-0.0014722	-0.0014722	0.0145743	0.3806506	0.3791784
-0.1500345	0.0313895	0.0016867	-0.0313279	0.2816152	0.0654476	-0.1234487	-0.0244578	-0.0978602	-0.0373044	-0.0327574	-0.0399589	-0.0399589	-0.0246616	0.3792894	0.3393305
-0.1423445	0.0145514	0.003836	-0.0303678	0.2826368	0.0987157	-0.1083431	0.020266	-0.0779062	0.0041564	-0.0054775	-0.0094618	-0.0094618	0.0080019	0.3814712	0.3720094
-0.1399409	0.0291493	-0.0008654	-0.030244	0.284632	0.0863335	-0.1170304	-0.0101799	-0.0883981	-0.0277613	-0.0224765	-0.0212287	-0.0212287	-0.0014086	0.3836213	0.3623926
-0.1410951	-0.0068753	0.0053192	-0.0303879	0.2844587	0.0598768	-0.0746666	0.0388199	-0.0498901	0.021013	0.0073828	0.0032583	0.0032583	0.0197374	0.3779284	0.3811867
-0.1402699	-0.0125	0.0036623	-0.0302596	0.2843431	0.0724929	-0.07179	0.0050273	-0.0451748	-0.0079764	-0.0118991	-0.0067321	-0.0067321	0.0095511	0.3865397	0.3798076
-0.1339628	-0.0251353	0.0049862	-0.0294615	0.2852026	0.0492987	-0.0462783	0.0224433	-0.0230434	0.0083533	0.0037926	0.0006349	0.0006349	0.0163131	0.3749755	0.3756104
-0.1306493	-0.0277073	0.0045901	-0.0290492	0.2857458	0.0369464	-0.0368943	0.0078958	-0.0154596	-0.00318	-0.0043182	-0.0044616	-0.0044616	0.0090339	0.3732502	0.3687886
-0.1222781	-0.0270817	0.0010075	-0.0276972	0.2840242	0.057588	-0.034995	0.0052195	-0.010552	-0.0040271	-0.0058405	-0.0092436	-0.0092436	0.0026233	0.3630317	0.3537881
-0.1217958	-0.0325124	0.0016303	-0.02756	0.2833119	0.0533372	-0.027878	0.0068093	-0.0040546	-0.0037796	-0.0065594	-0.010726	-0.010726	-0.0002539	0.3698353	0.3591093
-0.1230489	-0.0347555	0.0025548	-0.0280125	0.2861378	0.0463982	-0.0249227	0.002256	-0.0021105	-0.0077056	-0.0090471	-0.0077037	-0.0077037	0.0024613	0.385868	0.3781643
-0.1188237	-0.0429633	0.0059945	-0.0274297	0.2863055	0.0334719	-0.0088286	0.0145222	0.0120997	0.0049845	0.0017073	0.0032571	0.0032571	0.0134525	0.3778392	0.3810963
-0.0954588	-0.0399787	0.0055325	-0.0242045	0.2874025	0.0426872	0.0089417	0.0194252	0.031213	0.0119871	0.0118308	0.0136294	0.0136294	0.0243317	0.376609	0.3902384
-0.1196209	-0.0295284	0.0023466	-0.0275995	0.2868944	0.0295204	-0.0219415	-0.03249	-0.0015891	-0.03962	-0.0355289	-0.038382	-0.038382	-0.0286845	0.3774891	0.339107
-0.1192496	-0.0401981	0.0048486	-0.027878	0.2903446	0.0341027	-0.0121983	0.0107229	0.0088219	0.0025291	-0.0026847	-0.0071536	-0.0071536	0.0017203	0.3886945	0.3815409
-0.1128724	-0.0533211	0.0049724	-0.0267038	0.2875813	0.0287179	0.008827	0.0205524	0.0290625	0.0125929	0.0070074	0.0082507	0.0082507	0.0184352	0.3717155	0.3799661
-0.1240607	-0.0532296	0.0048417	-0.0287033	0.2917017	-0.0111768	0.0088466	-0.0054826	0.0232679	-0.0124286	-0.0107056	-0.0114695	-0.0114695	-0.0029543	0.3925358	0.3810663
-0.1567228	-0.0632293	0.0069727	-0.0334481	0.2920076	-0.0820239	0.0062503	-0.0126096	0.0103463	-0.0181726	-0.0183269	-0.0183626	-0.0183626	-0.012241	0.3802614	0.3618988
-0.1517382	-0.0752547	0.0069489	-0.0327302	0.2920123	-0.0927253	0.0262912	0.0187933	0.0288277	0.0176305	0.0133953	0.0132966	0.0132966	0.0169682	0.3743318	0.3876285
-0.155717	-0.0741045	0.005209	-0.0332705	0.2917211	-0.1244837	0.0301572	-0.0004506	0.0280652	-0.0001572	0.0021124	-0.0001635	-0.0001635	0.0014982	0.3701658	0.3700022
-0.1589453	-0.0723188	0.0047539	-0.0335083	0.2897593	-0.1434426	0.0305129	-0.0020954	0.0256579	0.0002412	0.0021476	-0.0011901	-0.0011901	-0.0028195	0.3599819	0.3587917
