@resid_ECM resid_home resid_foreign  			resid_ECMnoInv	resid_homenoInv	resid_foreingnoInv  resid_ECMbench	resid_homebench	resid_foreingbench 1979:1-2015:4@
-0.0022443	0.0630309	0.0607865	0.0016487	0.2985274	0.3001762	-0.0002655	0.3040921	0.3038266
-0.0185358	0.0702149	0.0516791	-0.0101803	0.309309	0.2991287	-0.0142741	0.3123415	0.2980674
0.0339132	0.058731	0.0926442	0.0379942	0.293393	0.3313873	0.0341961	0.2995805	0.3337766
0.0152445	0.0937261	0.1089705	0.0243556	0.3330106	0.3573662	0.017762	0.3353885	0.3531505
0.0103779	0.0832396	0.0936176	0.012689	0.3167405	0.3294295	0.0115841	0.3257485	0.3373327
0.0529618	0.0163307	0.0692925	0.0597466	0.2469107	0.3066572	0.0614398	0.2557034	0.3171432
0.0477314	0.0087152	0.0564466	0.0499868	0.238967	0.2889538	0.0485807	0.245931	0.2945117
-0.0256893	0.1036816	0.0779923	-0.0247925	0.3452381	0.3204455	-0.0307757	0.3488407	0.3180651
0.0284171	0.1122261	0.1406432	0.0142943	0.3379603	0.3522545	0.0266735	0.3605527	0.3872262
0.0109198	0.0890453	0.0999651	0.0014567	0.3099731	0.3114298	0.0136141	0.3279122	0.3415263
0.0239788	0.0359043	0.0598831	0.0315425	0.2798284	0.3113709	0.0248047	0.2796326	0.3044373
-0.0273481	0.1037434	0.0763953	-0.0318267	0.3312054	0.2993787	-0.0266406	0.3431496	0.316509
-0.0287467	0.0417049	0.0129582	-0.020646	0.2791956	0.2585496	-0.0275359	0.2774208	0.2498849
0.0394386	0.0376236	0.0770623	0.0478064	0.2783997	0.3262061	0.0420145	0.2787009	0.3207155
-0.0521694	0.1116213	0.0594519	-0.0625424	0.3375495	0.2750071	-0.0526728	0.3527764	0.3001036
-0.0048378	0.0350856	0.0302478	-0.008402	0.2612224	0.2528204	-0.0048397	0.2707223	0.2658826
0.0085358	0.0722966	0.0808324	0.0126347	0.3102274	0.3228621	0.0078409	0.3125205	0.3203614
-0.0210638	0.1303192	0.1092553	-0.0330695	0.3569942	0.3239246	-0.023063	0.3747398	0.3516768
-0.0172288	0.1430234	0.1257946	-0.0318352	0.3644914	0.3326562	-0.0187018	0.3847689	0.3660671
0.0140075	0.1063311	0.1203387	0.0087526	0.3368742	0.3456268	0.0130554	0.3491227	0.3621781
-0.0196152	0.1394306	0.1198154	-0.0263297	0.3689708	0.3426411	-0.0191584	0.3841394	0.364981
0.0054018	0.1146495	0.1200512	0.0009996	0.341824	0.3428236	0.0069436	0.3548905	0.361834
0.0046201	0.0873798	0.0919999	0.0149892	0.3266898	0.341679	0.0093756	0.3262117	0.3355872
-0.0010054	0.0961139	0.0951084	0.0062328	0.3322347	0.3384675	0.0008767	0.3324737	0.3333504
0.0229336	0.0417198	0.0646533	0.0366554	0.2803596	0.3170151	0.028509	0.2762486	0.3047576
-0.0380872	0.1112914	0.0732042	-0.032218	0.3490462	0.3168283	-0.0386533	0.3496451	0.3109918
0.0067828	0.0650885	0.0718713	0.0066871	0.2938691	0.3005562	0.0077905	0.3024806	0.3102711
-0.0069877	0.1113473	0.1043596	-0.0056478	0.3430101	0.3373624	-0.0068091	0.3506365	0.3438274
0.0297802	0.0772014	0.1069815	0.030606	0.3053515	0.3359575	0.0315946	0.3146257	0.3462203
-0.0306964	0.1136043	0.0829079	-0.0292074	0.3446212	0.3154137	-0.0314503	0.3491683	0.317718
-0.0145044	0.104708	0.0902037	-0.0114852	0.335783	0.3242978	-0.0153403	0.3400128	0.3246724
0.0199711	0.0884532	0.1084243	0.0245027	0.3189105	0.3434132	0.0229314	0.3249007	0.3478321
-0.0098191	0.0803925	0.0705735	-0.0094714	0.3073125	0.2978411	-0.0061013	0.3196552	0.313554
0.0065349	0.1154666	0.1220015	0.0015883	0.3376029	0.3391911	0.0073188	0.3523816	0.3597004
0.0064854	0.1014354	0.1079208	0.0116939	0.332283	0.3439769	0.0085164	0.3368789	0.3453952
-0.0034532	0.1019791	0.0985259	0.0018988	0.3348936	0.3367925	0.000654	0.3432631	0.3439171
0.028954	0.097445	0.126399	0.025156	0.3154357	0.3405917	0.0328191	0.3312544	0.3640735
0.0212145	0.0659625	0.087177	0.0337215	0.3046431	0.3383645	0.0228699	0.3028937	0.3257636
-0.0043632	0.108382	0.1040187	-0.0036141	0.3355141	0.3319	-0.0012261	0.3440061	0.34278
-0.0091781	0.1147734	0.1055953	-0.0083731	0.3437958	0.3354227	-0.0099449	0.3516257	0.3416809
0.0231389	0.0927623	0.1159013	0.0245487	0.3209228	0.3454715	0.0256243	0.330735	0.3563593
0.0281678	0.0966834	0.1248512	0.030176	0.3226437	0.3528197	0.0325808	0.3321581	0.364739
0.0109341	0.0815674	0.0925015	0.0150872	0.3121195	0.3272067	0.0110517	0.315318	0.3263697
-0.0154315	0.1029402	0.0875087	-0.0105534	0.3344308	0.3238775	-0.0144899	0.3384213	0.3239314
0.0099642	0.1203062	0.1302704	0.0091484	0.3465707	0.3557191	0.0099913	0.3560613	0.3660527
0.0066983	0.0863981	0.0930964	0.0092744	0.3133906	0.322665	0.0110959	0.3217013	0.3327972
-0.0088099	0.0923495	0.0835395	-0.0090063	0.3167956	0.3077894	-0.0073392	0.3272064	0.3198672
-0.0078002	0.0751334	0.0673332	-0.0017533	0.3031237	0.3013704	-0.0055197	0.3087327	0.303213
-0.0055344	0.0752205	0.069686	0.001009	0.3042778	0.3052868	-0.0009025	0.3081255	0.307223
0.0225961	0.102892	0.1254881	0.0221498	0.3273264	0.3494761	0.0254979	0.3367891	0.362287
0.0008003	0.1122232	0.1130235	-0.0017296	0.3365971	0.3348675	0.0019095	0.347739	0.3496485
0.0033467	0.1117904	0.1151371	-0.0014441	0.3341945	0.3327504	0.0036961	0.3482963	0.3519923
0.0121158	0.1005004	0.1126162	0.00838	0.3224098	0.3307898	0.0117373	0.333941	0.3456783
-0.001014	0.0965231	0.0955091	-0.0001639	0.3272041	0.3270403	-0.0040305	0.3325626	0.3285321
0.0052295	0.1079578	0.1131872	0.0016601	0.3315102	0.3331703	0.0035442	0.3428962	0.3464404
0.0025585	0.1080907	0.1106491	0.0005942	0.3350766	0.3356708	0.0005767	0.34269	0.3432667
-0.0108174	0.1081618	0.0973444	-0.0117407	0.3346764	0.3229356	-0.0106235	0.3431412	0.3325178
-0.0081924	0.1111915	0.102999	-0.010299	0.3360086	0.3257096	-0.00996	0.3449202	0.3349602
-0.0190429	0.101602	0.0825591	-0.0173262	0.3292365	0.3119104	-0.0200669	0.3337483	0.3136814
0.0094496	0.1223353	0.131785	0.0094975	0.351073	0.3605704	0.0066417	0.3567977	0.3634394
0.0057675	0.113958	0.1197255	0.0019808	0.3379347	0.3399155	0.0055113	0.3493618	0.3548731
-0.0013333	0.1295963	0.1282629	-0.003567	0.3535548	0.3499879	0.0001514	0.3657411	0.3658925
-0.0102963	0.1287489	0.1184526	-0.0096004	0.352529	0.3429286	-0.009506	0.3609182	0.3514122
-0.0102911	0.1149977	0.1047066	-0.0030817	0.3483151	0.3452334	-0.0107348	0.3494929	0.3387581
-0.0051987	0.1225036	0.1173049	-0.0038538	0.3478957	0.3440418	-0.004323	0.3550079	0.350685
-0.015199	0.1109916	0.0957926	-0.0103808	0.3396074	0.3292266	-0.0171925	0.3422918	0.3250993
0.0307995	0.1017905	0.13259	0.0374684	0.3301669	0.3676353	0.0318569	0.3324214	0.3642783
0.0062165	0.1090719	0.1152885	0.0087052	0.336187	0.3448923	0.0059516	0.3411746	0.3471262
-0.0141458	0.1342501	0.1201043	-0.0173736	0.3563224	0.3389488	-0.0157451	0.3656143	0.3498692
0.0128476	0.1195214	0.132369	0.010643	0.3439873	0.3546303	0.0103947	0.3524952	0.3628899
-0.0077282	0.1333058	0.1255776	-0.0133007	0.3544854	0.3411846	-0.0095916	0.3664479	0.3568563
0.0365769	0.1259149	0.1624917	0.0367453	0.3467141	0.3834594	0.0386119	0.3562974	0.3949094
-0.0182148	0.1395966	0.1213818	-0.0154709	0.3670966	0.3516257	-0.0184642	0.3710622	0.352598
0.0199352	0.1327891	0.1527243	0.0204612	0.3568602	0.3773214	0.022181	0.3657637	0.3879447
0.0057695	0.1425044	0.1482739	0.0016112	0.3628614	0.3644726	0.0039207	0.3725103	0.376431
-0.0089504	0.1203589	0.1114085	-0.0036257	0.3500777	0.346452	-0.0094953	0.350894	0.3413987
0.0042246	0.1362534	0.1404781	0.0031544	0.3617178	0.3648722	0.0023874	0.3673874	0.3697748
-0.0083477	0.1293776	0.1210299	-0.011321	0.3519194	0.3405985	-0.0139374	0.3563657	0.3424283
0.0052044	0.1087881	0.1139925	0.0123561	0.3408939	0.3532501	0.0028957	0.3382715	0.3411672
0.0289919	0.1377427	0.1667347	0.0260506	0.3597579	0.3858084	0.0250144	0.3676186	0.3926329
-0.0178759	0.1210505	0.1031746	-0.0195771	0.344883	0.3253059	-0.0205609	0.3511694	0.3306085
-0.0053675	0.1406761	0.1353087	-0.0075242	0.3619328	0.3544087	-0.0083806	0.3683916	0.3600111
-0.0045227	0.1438309	0.1393082	0.0001277	0.371352	0.3714796	-0.0061615	0.3728985	0.3667369
0.0085676	0.1391801	0.1477477	0.0084285	0.3612667	0.3696952	0.0088351	0.3699778	0.3788129
-0.0224188	0.163998	0.1415791	-0.0269784	0.3811178	0.3541394	-0.0251565	0.3901392	0.3649827
0.0088759	0.1390009	0.1478768	0.0165867	0.3688203	0.385407	0.0099265	0.369633	0.3795594
-0.0058473	0.164698	0.1588508	-0.0114319	0.3787815	0.3673496	-0.0055079	0.3914056	0.3858978
0.0012345	0.1202848	0.1215193	0.0057146	0.3453202	0.3510348	0.0004586	0.3472835	0.3477422
0.0047953	0.1120331	0.1168284	0.0053977	0.330853	0.3362507	0.0031014	0.3350652	0.3381666
0.0132977	0.0846832	0.0979809	0.018657	0.3100836	0.3287406	0.0132872	0.3109774	0.3242646
-0.0035884	0.1052171	0.1016287	-0.0124659	0.3183824	0.3059165	-0.0067462	0.3308114	0.3240652
0.0041975	0.1050491	0.1092466	-0.0008003	0.3213688	0.3205685	0.0007538	0.3290593	0.3298132
0.0076423	0.1411476	0.1487899	0.0060445	0.3610396	0.3670841	0.0092681	0.3707859	0.3800541
0.008118	0.1617091	0.1698272	-0.0042208	0.3698584	0.3656375	0.0087417	0.3905078	0.3992495
0.0015325	0.1385761	0.1401086	-0.0033373	0.3542288	0.3508914	0.0008461	0.3659003	0.3667464
-0.0251221	0.1435609	0.1184387	-0.0289422	0.3617399	0.3327977	-0.0273074	0.3704231	0.3431157
0.0070673	0.1122098	0.1192772	0.006698	0.3308898	0.3375878	0.0066133	0.3396589	0.3462722
-0.0067175	0.1358752	0.1291578	-0.0106885	0.3541566	0.3434681	-0.0115447	0.3614924	0.3499477
0.0261407	0.1299446	0.1560854	0.0261924	0.3509361	0.3771286	0.0241268	0.3573017	0.3814285
0.0082744	0.1582228	0.1664972	0.0051691	0.3755118	0.3806809	0.0076011	0.3864745	0.3940756
-0.0043455	0.161083	0.1567374	-0.0087366	0.3765067	0.3677701	-0.0052624	0.3883812	0.3831189
-0.0166369	0.1673897	0.1507528	-0.020188	0.3863638	0.3661759	-0.0193278	0.3950877	0.37576
-0.0032105	0.1424916	0.1392812	-0.0054034	0.3602853	0.3548819	-0.0056101	0.3689121	0.363302
-0.0047396	0.1542057	0.1494661	-0.0046332	0.3751213	0.3704881	-0.0085714	0.381094	0.3725226
0.0056642	0.1432674	0.1489317	0.0056252	0.3631556	0.3687809	0.0042893	0.3706943	0.3749836
-0.0004157	0.1498444	0.1494287	-0.0013045	0.3666015	0.365297	-0.0019889	0.3738554	0.3718665
-0.0121439	0.134541	0.1223971	-0.0066847	0.3586568	0.3519721	-0.0141351	0.359923	0.3457879
-0.0089883	0.1666879	0.1576995	-0.0090951	0.3856327	0.3765377	-0.0084239	0.3949682	0.3865443
0.0160358	0.1644881	0.1805239	0.010659	0.3772528	0.3879119	0.0147064	0.3901832	0.4048896
-0.0092103	0.1520441	0.1428338	-0.0059882	0.37234	0.3663518	-0.0092015	0.3775729	0.3683714
-0.0179224	0.1502197	0.1322973	-0.017845	0.3684927	0.3506477	-0.0192155	0.375513	0.3562976
0.0219056	0.1448434	0.1667489	0.0262271	0.3629124	0.3891395	0.0238044	0.3686063	0.3924107
-0.0177559	0.1561882	0.1384323	-0.014235	0.3758946	0.3616596	-0.0176793	0.380239	0.3625596
-0.0002761	0.1480326	0.1477565	0.0010294	0.3657737	0.3668031	-0.0002082	0.3738874	0.3736792
0.0132736	0.1497788	0.1630523	0.0127837	0.3638754	0.3766591	0.014491	0.375087	0.3895779
0.0102723	0.1403255	0.1505978	0.0136465	0.3565939	0.3702404	0.011855	0.365179	0.3770339
-0.036985	0.1638044	0.1268194	-0.0345524	0.3807054	0.346153	-0.0369892	0.3876955	0.3507063
0.0094926	0.148489	0.1579815	0.0124982	0.3654247	0.377923	0.0098724	0.3740284	0.3839008
-0.0153788	0.1406221	0.1252434	-0.0165952	0.3537404	0.3371452	-0.0138866	0.3655171	0.3516304
-0.0084739	0.109414	0.10094	-0.0127561	0.3195942	0.3068381	-0.0071984	0.3287862	0.3215878
0.0310602	0.0400666	0.0711268	0.0298571	0.252445	0.2823022	0.0308179	0.2583827	0.2892007
0.0032668	0.0998654	0.1031321	0.0068678	0.3136651	0.3205329	0.008094	0.3226466	0.3307405
-0.0253945	0.177829	0.1524345	-0.0320043	0.387953	0.3559487	-0.0259746	0.4031681	0.3771934
0.007683	0.1836684	0.1913514	-0.001256	0.3930719	0.3918159	0.0094508	0.4143504	0.4238012
-0.0064937	0.1808066	0.1743129	-0.0248558	0.3804649	0.3556092	-0.0055674	0.40905	0.4034826
-0.0182703	0.1879693	0.169699	-0.0268842	0.3991809	0.3722966	-0.0196593	0.4152348	0.3955755
-0.0099089	0.1753702	0.1654613	-0.0135774	0.3902416	0.3766642	-0.0105081	0.4027397	0.3922317
-0.0022924	0.1562258	0.1539334	-0.0025106	0.3697338	0.3672232	-0.0014721	0.3806501	0.379178
-0.0396166	0.1545337	0.114917	-0.0327573	0.3764381	0.3436808	-0.0399589	0.3792887	0.3393298
-0.0071928	0.1547446	0.1475518	-0.0054775	0.3739244	0.3684469	-0.0094619	0.3814705	0.3720086
-0.0211774	0.1605273	0.1393499	-0.0224765	0.3735497	0.3510732	-0.0212286	0.3836209	0.3623922
0.0051967	0.1502017	0.1553984	0.0073828	0.3716937	0.3790765	0.0032581	0.3779276	0.3811857
-0.0048546	0.1613441	0.1564895	-0.0118991	0.3711278	0.3592287	-0.0067319	0.3865393	0.3798073
0.001225	0.149518	0.150743	0.0037926	0.36882	0.3726126	0.0006349	0.3749748	0.3756096
-0.003978	0.1489751	0.144997	-0.0043182	0.364661	0.3603428	-0.0044616	0.3732497	0.3687881
-0.0072533	0.1395667	0.1323133	-0.0058405	0.3566135	0.350773	-0.0092435	0.3630311	0.3537877
-0.009507	0.1447225	0.1352155	-0.0065594	0.3645416	0.3579822	-0.010726	0.3698345	0.3591086
-0.0068636	0.1608369	0.1539733	-0.0090471	0.3754876	0.3664404	-0.0077038	0.3858674	0.3781636
0.0028961	0.151536	0.1544321	0.0017073	0.3671394	0.3688467	0.0032571	0.3778385	0.3810955
0.0124843	0.1516681	0.1641524	0.0118309	0.3655382	0.377369	0.0136294	0.3766084	0.3902378
-0.0362394	0.1539736	0.1177342	-0.035529	0.3718482	0.3363192	-0.038382	0.3774885	0.3391064
-0.0057387	0.1629937	0.1572549	-0.0026847	0.3835813	0.3808966	-0.0071536	0.3886938	0.3815402
0.009677	0.1468919	0.1565688	0.0070074	0.3610383	0.3680457	0.0082508	0.3717149	0.3799658
-0.0108265	0.1683875	0.157561	-0.0107056	0.3855496	0.374844	-0.0114697	0.3925352	0.3810656
-0.0170438	0.1562126	0.1391689	-0.0183269	0.3737351	0.3554083	-0.0183626	0.3802607	0.3618982
0.0143255	0.1504092	0.1647347	0.0133953	0.3661427	0.379538	0.0132967	0.3743313	0.387628
0.0000354	0.147184	0.1472194	0.0021124	0.3651959	0.3673084	-0.0001635	0.3701651	0.3700015
-0.0012591	0.1371295	0.1358704	0.0021475	0.3561768	0.3583243	-0.0011902	0.3599812	0.358791
